mgc_rve_context_lcv "cad4" "AlphaPhaseLatch" "layout" 1000
mgc_rve_highlight_index 0 "6" "#00000000FFFF"
mgc_rve_layer "metal1"
mp 10 1.06 1.13 1.1 1.13 1.1 0.87 1.165 0.87 1.165 1.13 1.36 1.13 1.36 1.775 1.295 1.775 1.295 1.205 1.06 1.205
mp 12 1.71 1.67 1.74 1.67 1.74 1.275 1.815 1.275 1.815 1.67 1.91 1.67 1.91 1.275 1.985 1.275 1.985 1.67 2.015 1.67 2.015 1.745 1.71 1.745
mgc_rve_layer "metal2"
mr 1.255 1.67 2.015 1.745
mgc_rve_layer "poly"
mp 8 1.74 0.85 1.79 0.85 1.79 1.305 1.815 1.305 1.815 1.38 1.79 1.38 1.79 1.97 1.74 1.97
mp 8 1.91 1.305 1.935 1.305 1.935 0.85 1.985 0.85 1.985 1.97 1.935 1.97 1.935 1.38 1.91 1.38
mgc_rve_layer "psrcdrn"
mr 1.255 1.515 1.36 1.915
mgc_rve_layer "nsrcdrn"
mr 1.06 0.905 1.205 1.205
mgc_rve_zoom 1.06 0.85 2.015 1.97 -1
